Index	HOMO (A)	HOMO (AH)	LUMO (A)	LUMO (AH)	charge (AH)	Charge metal (A)	epsilon	Charge metal (AH)	M-H (AH) max	Charge hydride (AH)	metal centre 	coordination number (AH)	cc_AH	coordination number (A)	cc_A	solvated PA	gas PA	Experimental pKa
1	-7.8453	-9.692	-4.2406	-6.9161	1	-0.938	25.5	-0.713	1.3935603	0.09	28	4	46	5	51	-0.205004619	-0.157003718	24.4
2	-7.733	-9.6774	-4.069	-6.9602	1	-0.911	25.5	-0.722	1.3709678	0.135	28	4	46	5	51	-0.201221399	-0.15102034	23.8
3	-7.6751	-9.6051	-3.9238	-6.899	1	-0.95	25.5	-0.718	1.3860477	0.096	28	4	46	5	51	-0.204676645	-0.1559617	24
4	-8.1345	-9.8027	-6.3221	-7.5155	1	-0.868	36.6	-0.718	1.3802114	0.121	28	4	46	5	51	-0.193561712	-0.151289253	14.2
5	-7.9405	-9.4709	-5.7324	-6.9515	1	-0.88	36.6	-0.664	1.4023997	0.097	28	4	46	5	51	-0.202464741	-0.151682042	22.5
6	-7.9095	-9.3111	-6.1992	-7.3437	1	-0.863	36.6	-0.664	1.4217146	0.061	28	4	46	5	51	-0.213749364	-0.169109747	18.5
7	-7.871	-9.3563	-6.1422	-7.303	1	-0.864	36.6	-0.666	1.4210776	0.072	28	4	46	5	51	-0.213094573	-0.167823888	19.4
8	-7.9258	-9.3201	-6.278	-7.4219	1	-0.842	36.6	-0.665	1.4278188	0.093	28	4	46	5	51	-0.203789652	-0.158999946	17.4
9	-7.3649	-9.1268	-5.9033	-6.8095	1	-0.908	25.5	-0.675	1.3932212	0.099	28	4	46	5	51	-0.220660622	-0.17113348	22.6
10	-8.1492	-9.4944	-6.3697	-7.4389	1	-0.856	36.6	-0.662	1.4118088	0.098	28	4	46	5	51	-0.20344563	-0.159133613	16.3
11	-7.9699	-9.7259	-6.1982	-7.3086	1	-0.903	25.5	-0.728	1.3830282	0.114	28	4	46	5	51	-0.199931769	-0.154831706	20.3
12	-8.1364	-9.8029	-6.3241	-7.516	1	-0.868	36.6	-0.718	1.3799747	0.121	28	4	46	5	51	-0.193547805	-0.151289237	13.2
13	-8.032	-9.3712	-6.2646	-6.9866	1	-0.864	36.6	-0.699	1.3865705	0.147	28	4	46	5	51	-0.20417279	-0.15743894	16.5
14	-7.3584	-9.2441	-5.9043	-7.0787	1	-0.903	36.6	-0.675	1.3794928	0.133	28	4	46	5	51	-0.209833601	-0.15915363	21.2
15	-7.2771	-9.0907	-4.3729	-6.8051	1	-0.905	36.6	-0.664	1.3935715	0.097	28	4	46	3	21	-0.222889851	-0.175524662	24.6
16	-7.8346	-9.5274	-5.7066	-6.9866	1	-0.867	36.6	-0.698	1.3811123	0.161	28	4	46	5	51	-0.202554632	-0.153978719	17.3
17	-7.5797	-9.5677	-4.0074	-6.9194	1	-0.96	36.6	-0.754	1.3727233	0.102	28	3	31	5	51	-0.20608295	-0.158081507	23.3
18	-7.5576	-9.5444	-3.9916	-7.0097	1	-0.935	36.6	-0.732	1.3779324	0.134	28	4	46	4	36	-0.209635885	-0.161418105	22.2
19	-7.8884	-9.6597	-6.2016	-7.1908	1	-0.863	25.5	-0.702	1.37307	0.122	28	4	46	5	51	-0.211953377	-0.166186035	18
20	-7.8882	-9.5078	-4.0979	-5.7231	1	-0.775	25.5	-0.453	1.5323293	-0.028	78	4	46	5	51	-0.239973503	-0.195245621	31.1
21	-7.804	-9.4632	-4.1277	-5.854	1	-0.795	25.5	-0.476	1.5326348	-0.034	78	4	46	5	51	-0.245140381	-0.201554626	29.7
22	-7.7174	-9.4406	-3.8178	-5.6	1	-0.79	25.5	-0.45	1.5260254	-0.026	78	4	46	5	51	-0.244000331	-0.199120831	30.4
23	-8.2286	-9.6213	-6.4071	-7.1429	1	-0.689	36.6	-0.441	1.53175	-0.024	78	4	46	5	51	-0.222666924	-0.185453471	22
24	-8.2761	-9.7719	-4.282	-6.1282	1	-1.099	36.6	-0.634	1.5181533	-0.029	46	4	46	5	51	-0.229151641	-0.188623425	23.2
25	-7.8611	-9.6455	-4.2402	-6.2224	1	-1.046	36.6	-0.619	1.505523	-0.02	46	4	46	3	21	-0.23764789	-0.191270704	22.1
26	-7.6697	-9.4735	-4.0831	-6.0883	1	-0.794	36.6	-0.45	1.5253771	-0.013	46	4	46	4	36	-0.236214032	-0.192071635	27.6
27	-8.0752	-9.7066	-4.1166	-6.0295	1	-1.121	36.6	-0.66	1.4998995	0.002	46	4	46	5	51	-0.225010576	-0.182104365	22.9
28	-8.1419	-9.7348	-5.874	-6.4965	1	-1.11	36.6	-0.657	1.4921514	0.022	46	4	46	4	36	-0.217064089	-0.175893149	19.8
29	-8.0453	-9.6502	-6.3141	-6.9314	1	-1.088	36.6	-0.641	1.4972992	0.003	46	4	46	4	36	-0.217291932	-0.179171673	18.3
30	-8.067	-9.5662	-6.2235	-6.9804	1	-1.087	36.6	-0.657	1.4940737	0.006	46	4	46	5	51	-0.211984849	-0.175457275	18.5
31	-6.4858	-7.5924	-5.8414	-6.3586	0	-0.589	25.5	-0.425	1.5685556	-0.205	45	4	46	5	51	-0.304250034	-0.336017878	44.8
32	-6.7297	-7.8907	-5.882	-6.4911	0	-0.59	25.5	-0.419	1.5592426	-0.199	45	4	46	5	51	-0.295221981	-0.32476838	39.4
33	-6.2109	-7.6367	-5.3859	-5.8429	0	-0.633	25.5	-0.466	1.5347649	-0.098	45	4	46	5	51	-0.301506558	-0.327204637	46
34	-6.098	-7.5387	-5.4937	-5.8644	0	-0.641	25.5	-0.472	1.5298089	-0.089	45	4	46	5	51	-0.301066434	-0.323480612	49.9
35	-7.2668	-8.3313	-6.2242	-6.8175	0	-0.536	36.6	-0.446	1.5366228	-0.089	45	5	61	5	51	-0.270289077	-0.307607096	35
36	-7.7069	-9.4904	-6.6932	-8.3644	1	-0.253	36.6	-0.176	1.5370052	-0.146	44	3	15	2	14	-0.245039751	-0.196414729	22.5
37	-7.6996	-9.4721	-7.1314	-8.2715	1	-0.184	36.6	-0.133	1.5431958	-0.177	44	6	36	4	28	-0.266263298	-0.217294615	32
38	-7.7156	-9.659	-6.4845	-7.4384	1	-0.418	36.6	-0.326	1.4268696	-0.003	27	6	62	4	46	-0.212791799	-0.173166355	22.8
39	-6.6586	-7.7161	-5.853	-6.5031	0	-0.56	36.6	-0.416	1.4513559	-0.144	27	4	46	5	51	-0.260677671	-0.296585308	38.1
40	-7.3208	-9.107	-6.3498	-7.2129	1	-0.484	36.6	-0.281	1.4292994	-0.051	27	4	46	5	51	-0.209031321	-0.165473435	23.6
41	-8.1342	-9.9866	-7.0698	-8.6567	1	0.014	36.6	0.041	1.5378204	-0.07	77	3	15	2	14	-0.218011121	-0.166878072	23.3
42	-8.1005	-10.2579	-6.8815	-8.388	1	-0.343	36.6	-0.188	1.4226751	-0.029	27	3	31	3	21	-0.198548951	-0.153103551	18.4
43	-8.3132	-9.9096	-7.9324	-8.9022	1	-0.322	25.5	-0.192	1.4273764	0.014	27	3	31	3	21	-0.182100115	-0.130440243	15.6
44	-8.5213	-10.6235	-7.2475	-8.746	2	-0.41	36.6	-0.276	1.4101352	0.028	27	6	68	5	51	-0.17334993	-0.052381738	11.3
45	-7.8632	-10.3063	-5.0739	-9.211	0	0.352	36.6	0.44	1.5308516	-0.192	24	4	19	3	18	-0.192255101	-0.257625838	13.3
46	-8.6225	-10.3537	-5.355	-8.7157	0	-0.34	36.6	0.128	1.6021881	-0.144	42	4	19	3	18	-0.194131021	-0.254493689	13.9
47	-8.5235	-10.2782	-5.4222	-8.8822	0	-0.401	36.6	0.034	1.6497344	-0.135	74	4	19	3	18	-0.185887646	-0.24359732	16.1
48	-9.5158	-10.7807	-7.0031	-8.011	0	-0.813	36.6	-0.51	1.6196625	-0.014	76	6	26	5	25	-0.196908517	-0.262786243	20.8
49	-9.0968	-10.647	-6.7192	-7.9281	0	-0.678	36.6	-0.412	1.6075167	-0.043	76	5	25	4	24	-0.208228626	-0.271568906	23
50	-9.4207	-10.8992	-7.5194	-8.4104	0	-0.606	36.6	-0.51	1.6163802	-0.011	76	10	50	9	49	-0.182581832	-0.235794495	20.4
51	-9.3897	-10.9399	-6.4572	-7.9011	0	-0.899	36.6	-0.626	1.4929	0.042	27	4	24	4	24	-0.180709485	-0.248943351	8.3
52	-8.6867	-10.1839	-6.3271	-7.6603	0	-0.855	36.6	-0.595	1.4661711	-0.02	27	4	19	4	33	-0.207730389	-0.280687995	11.3
53	-9.4425	-11.0038	-6.5194	-7.4935	0	-0.458	36.6	-0.148	1.4616132	-0.055	26	6	26	5	25	-0.183428138	-0.252195648	11.4
54	-9.8279	-11.0521	-7.0416	-8.118	0	-1.179	36.6	-0.924	1.5279147	0.093	25	6	31	5	30	-0.169836131	-0.23642294	15.1
55	-8.4657	-9.897	-6.587	-7.5528	0	-0.791	36.6	-0.558	1.4593895	-0.028	27	4	19	3	18	-0.215330969	-0.283212203	15.4
56	-8.3682	-10.1456	-5.1624	-8.7945	0	-0.34	36.6	0.151	1.6105092	-0.199	42	4	19	3	18	-0.210938379	-0.265430653	17.1
57	-9.389	-11.1435	-6.6867	-7.9538	0	-0.582	36.6	-0.461	1.5654169	-0.026	44	6	26	5	25	-0.216168927	-0.284854729	18.7
60	-9.7765	-10.8109	-7.5085	-8.3135	0	-1.442	36.6	-0.978	1.6775703	0.055	75	6	31	5	30	-0.173597994	-0.236634711	21.1
62	-7.4862	-9.099	-4.4733	-7.1201	0	-0.447	36.6	-0.064	1.6463218	-0.151	74	4	28	3	27	-0.239444599	-0.297115789	26.6
63	-8.3438	-10.0745	-6.1778	-7.6639	0	-0.613	36.6	-0.501	1.6274273	0.111	75	4	14	3	13	-0.159097433	-0.223043089	23
64	-8.8763	-10.2886	-6.7661	-7.6573	0	-1.058	36.6	-0.833	1.4695239	0.038	25	6	40	5	39	-0.200013939	-0.268082068	20.4
65	-8.848	-10.249	-6.619	-7.5946	0	-1.072	36.6	-0.844	1.472777	0.037	25	6	40	5	39	-0.202079471	-0.270283166	21.6
67	-7.3722	-9.6105	-5.4899	-7.2587	0	-0.582	36.6	-0.398	1.5543383	-0.044	25	3	13	4	24	-0.237477102	-0.302087378	26.8
68	-9.9991	-10.5461	-8.0013	-8.5695	0	-0.298	36.6	-0.157	1.6513363	-0.011	26	14	101	12	99	-0.174323694	-0.253819073	9
69	-9.9688	-10.5576	-7.9427	-8.5475	0	-0.213	36.6	-0.148	1.6487151	-0.014	26	14	101	12	99	-0.175728953	-0.224840984	11.4
77	-7.06	-10.0234	-5.4946	-7.3628	0	-0.299	36.6	-0.109	1.5688706	-0.066	76	3	13	2	12	-0.232449335	-0.29842568	32.7
79	-9.7872	-10.7277	-8.1287	-9.1167	1	-0.096	8.93	-0.023	1.737921	0.099	74	11	56	7	110	-0.155880258	-0.104877363	-1.6
80	-8.9525	-10.3049	-6.6468	-9.0352	1	-0.297	10.36	0.061	1.6446486	-0.133	74	7	64	6	63	-0.165609808	-0.127037723	-0.3
81	-8.9351	-10.1111	-6.6581	-7.5244	1	-0.29	10.36	-0.165	1.733209	0.123	74	7	64	6	63	-0.163501999	-0.125599436	-1.3
82	-8.801	-9.9435	-6.7928	-7.6564	1	-0.323	10.36	-0.191	1.6525284	-0.008	74	7	64	6	63	-0.17990567	-0.14443062	-0.4
83	-8.9584	-10.3529	-6.7844	-8.9736	1	-0.299	10.36	0.07	1.6506432	-0.15	74	7	64	6	63	-0.168789313	-0.128103683	-3.9
84	-8.9173	-10.4821	-7.9237	-9.2289	1	-0.342	10.36	-0.031	1.6457839	-0.099	74	6	41	6	47	-0.165224529	-0.121444104	1
85	-9.0994	-10.2588	-7.1249	-8.3942	1	-0.065	36.6	0.178	1.6761641	0.008	74	7	41	4	28	-0.175094698	-0.122578786	5.6
86	-8.9229	-10.3501	-6.6622	-9.0209	1	-0.298	10.36	0.074	1.6379149	-0.15	74	7	64	6	63	-0.166147083	-0.12707559	0.5
87	-8.9102	-10.1439	-6.6959	-7.7166	1	-0.284	10.36	-0.162	1.6953411	0.12	74	7	64	6	63	-0.163542868	-0.13074191	0
88	-7.6302	-10.4074	-7.2202	-10.3048	1	0.306	10.36	0.335	1.5412716	-0.111	24	5	43	4	42	-0.200321047	-0.164830705	4.5
89	-9.5637	-10.5301	-7.1067	-8.0339	1	-0.803	8.93	-0.34	1.7518733	0.071	42	7	45	6	44	-0.165408378	-0.12116769	6.8
90	-8.7525	-10.4	-7.0418	-10.3568	1	-0.543	10.36	-0.054	1.6558787	-0.063	74	5	43	5	43	-0.179764925	-0.137382344	7.8
91	-8.7352	-10.0031	-5.8381	-7.3988	1	-0.301	10.36	-0.173	1.7365374	0.131	74	7	64	6	63	-0.170170099	-0.126802727	4.2
92	-8.8069	-10.3653	-5.7139	-9.0328	1	-0.322	10.36	0.121	1.6676361	-0.188	74	7	64	6	63	-0.175914493	-0.122091869	1.1
93	-8.7525	-10.2583	-6.9763	-9.1497	1	-0.519	10.36	-0.156	1.6492713	-0.06	74	5	43	4	42	-0.173583533	-0.131368979	4.2
94	-9.4665	-10.4368	-6.9021	-8.1534	1	-0.766	8.93	-0.296	1.7603313	0.021	42	7	45	6	44	-0.167833005	-0.124810216	5.5
95	-9.419	-10.5563	-6.8931	-7.9384	1	-0.715	8.93	-0.629	1.7187282	0.152	42	7	45	6	44	-0.167018862	-0.124906234	0.8
96	-9.3679	-10.5722	-6.4164	-9.2871	1	-0.888	8.93	0.02	1.6142456	-0.152	42	5	43	6	44	-0.197063476	0.216974008	12
98	-8.274	-10.3327	-4.999	-8.731	0	-0.355	7.52	0.146	1.6049561	-0.161	42	4	19	3	18	-0.202552897	-0.254493777	17
99	-8.7106	-9.3103	-5.8045	-7.3957	-1	-0.381	78.4	-0.206	1.6468374	-0.123	74	5	25	3	18	-0.216607028	-0.409302772	5.8
100	-7.7066	-9.9043	-5.14	-8.2532	0	0.377	36.6	0.397	1.5307552	-0.159	24	4	19	3	18	-0.212128921	-0.278497986	17
101	-6.4807	-8.8674	-5.1015	-7.4526	0	0.341	36.6	0.382	1.5235157	-0.212	24	4	28	3	27	-0.248253378	-0.305898287	26.1
102	-6.1736	-8.8335	-4.8283	-7.456	0	0.345	36.6	0.385	1.5268756	-0.238	24	3	13	3	18	-0.254168831	-0.320273683	27.2
103	-6.525	-8.8107	-5.713	-7.5088	0	0.357	36.6	0.387	1.5299232	-0.256	74	3	13	3	18	-0.250739735	-0.311637485	31.9
106	-9.0439	-10.5635	-6.6425	-8.5192	1	-0.469	10.36	-0.399	1.6127079	0.05	75	3	13	3	27	-0.144725686	-0.098782728	0.5
107	-9.0098	-10.5239	-6.5507	-8.4686	1	-0.462	10.36	-0.389	1.6157076	0.049	75	3	13	3	27	-0.143950344	-0.0962423	1.5
109	-9.2242	-10.5024	-9.157	-10.4487	1	-0.121	78.4	-0.081	1.5920415	0.104	75	2	2	1	1	-0.15399517	-0.085105571	8.5
111	-9.9967	-11.0807	-7.21	-8.1338	0	-1.18	78.4	-0.925	1.5272233	0.099	25	6	31	5	30	-0.166549499	-0.23642312	7.1
115	-7.4279	-8.985	-6.3466	-6.938	1	-0.72	36.6	-0.627	1.6395982	0.025	75	7	49	7	63	-0.184581354	-0.13634525	25.5
121	-6.2219	-7.8483	-5.7426	-6.4896	0	-1.075	7.52	-0.871	1.6698411	0.07	75	8	50	7	49	-0.224177329	-0.249855608	40
125	-9.7139	-10.6878	-7.3719	-8.2251	2	-0.239	8.93	-0.267	1.6967811	0.146	76	7	68	6	67	-0.125992227	-0.009593596	-5.7
126	-10.0563	-11.1315	-7.3287	-8.2519	2	-0.344	8.93	-0.399	1.5901356	0.134	44	5	38	6	67	-0.127924942	-0.0155811	-6
127	-8.2521	-9.5739	-6.7205	-7.7884	1	-0.147	8.93	-0.121	1.5643634	0.015	76	6	64	5	61	-0.156944155	-0.128907066	12.5
128	-8.5516	-9.8674	-6.6986	-7.6223	1	-0.283	8.93	-0.288	1.5249644	0.03	44	7	79	5	61	-0.165626812	-0.136340009	4.4
129	-9.6633	-10.931	-7.167	-8.0381	2	-0.331	8.93	-0.379	1.5745389	0.111	44	7	68	6	67	-0.134882715	-0.021039513	-5
130	-10.0891	-11.6401	-7.5795	-9.2774	2	-0.294	8.93	-0.308	1.6125332	0.13	44	4	15	3	22	-0.110282568	0.017460412	-1.3
131	-9.6363	-11.2208	-8.5902	-9.4038	2	-0.14	8.93	-0.178	1.6729003	0.156	76	7	52	6	51	-0.122321817	0.004587922	-5
132	-9.6876	-11.2438	-8.5931	-9.3835	2	-0.141	8.93	-0.182	1.6372253	0.151	76	7	52	6	51	-0.117573303	0.001624027	-5
133	-9.6841	-11.2344	-8.6162	-9.3239	2	-0.143	8.93	-0.182	1.6217764	0.15	76	7	52	6	51	-0.116564283	0.000878412	-5
134	-9.9809	-11.6169	-8.6476	-9.5724	2	-0.278	8.93	-0.315	1.5580933	0.106	44	6	37	6	51	-0.124966256	-0.009888192	-5
135	-8.7944	-10.6353	-6.7798	-7.6814	1	-0.284	8.93	-0.252	1.5487577	0.07	44	6	29	5	36	-0.162799012	-0.118975723	-0.6
138	-9.4304	-11.2302	-7.0434	-8.0946	1	-0.139	10.36	0.107	1.4357595	-0.112	26	6	49	5	48	-0.172835737	-0.14053802	-0.6
140	-9.4545	-11.4269	-6.8579	-7.8061	1	-0.158	10.36	0.133	1.4334741	-0.115	26	6	49	5	48	-0.180632017	-0.145427393	2
141	-9.4735	-11.4541	-7.1517	-7.9837	1	-0.19	10.36	0.106	1.4434317	-0.109	26	6	49	5	48	-0.181117897	-0.145515866	3.6
142	-9.4689	-11.4386	-6.9157	-7.8204	1	-0.168	10.36	0.126	1.4326775	-0.113	26	6	49	5	48	-0.182119051	-0.146313176	3.2
143	-9.3526	-11.1822	-6.8776	-7.986	1	-0.165	10.36	0.1	1.433364	-0.111	26	6	49	5	48	-0.174373686	-0.139071	0.1
144	-9.2815	-11.1747	-6.7146	-7.9101	1	-0.185	10.36	0.083	1.441438	-0.101	26	6	49	5	48	-0.179374587	-0.139861218	2.1
145	-9.2998	-11.0028	-7.7016	-9.4582	2	-0.313	8.93	-0.326	1.559407	0.075	44	3	17	3	31	-0.134163021	-0.019422675	4.5
146	-8.9543	-11.0247	-6.128	-8.2448	1	-0.325	8.93	-0.285	1.5330895	0.033	44	3	8	3	22	-0.160067905	-0.117527937	11
147	-9.2708	-10.7566	-5.8694	-7.2772	2	0.197	8.93	0.307	1.4837758	0.015	26	7	68	6	67	-0.14214517	-0.002089406	2.7
148	-7.8549	-9.4928	-6.5704	-7.3304	1	-0.3	20.6	-0.304	1.5727915	0.017	76	5	10	5	24	-0.174103063	-0.132211388	3.5
149	-8.9956	-10.4274	-7.1691	-8.2526	2	-0.174	8.93	-0.177	1.556848	0.055	76	7	69	6	68	-0.138651584	-0.022660418	-2
150	-8.6254	-10.2338	-7.3005	-8.9943	1	-0.047	10.36	0.038	1.5420666	-0.031	76	4	48	4	38	-0.155920463	-0.122280748	1.2
151	-8.5371	-10.2716	-6.1556	-7.3678	1	-0.296	8.93	-0.299	1.5666172	0.103	76	6	29	3	14	-0.162106496	-0.114024718	9.3
152	-9.32	-10.7325	-6.8725	-7.65	0	0.1	36.6	0.428	1.4301165	-0.164	26	6	47	3	34	-0.161677763	-0.218669658	2.6
153	-9.3423	-11.3627	-6.4334	-7.7626	1	-0.215	10.36	0.084	1.446865	-0.104	26	6	49	5	48	-0.183786018	-0.135574344	7.1
154	-9.2168	-11.2863	-6.6823	-7.7881	1	-0.159	10.36	0.133	1.4317476	-0.126	26	6	49	5	48	-0.183902677	-0.145614193	6.1
156	-9.2842	-11.1378	-6.438	-7.8388	1	-0.224	10.36	0.078	1.4405514	-0.102	26	6	49	5	48	-0.189636294	-0.143804687	3.2
157	-8.547	-9.9435	-7.1954	-8.0107	1	-0.244	8.93	-0.25	1.5320703	0.013	44	6	64	4	46	-0.167736628	-0.138469187	5.1
158	-8.3054	-9.6924	-7.1864	-7.9687	1	-0.09	8.93	-0.073	1.5675919	0	76	6	64	4	46	-0.160361803	-0.132264744	7.5
159	-7.6573	-7.9589	-6.8917	-5.6494	2	0.4	78.4	1.375	1.2794572	-0.765	26	6	37	1	7	-0.206264315	-0.039458454	1.8
160	-8.8586	-10.6339	-7.6349	-8.4634	1	-0.306	8.93	-0.27	1.5258607	-0.007	44	4	32	3	31	-0.174137234	-0.113219797	4.3
161	-8.8615	-10.503	-7.6409	-8.361	1	-0.309	8.93	-0.249	1.5252385	-0.044	44	4	32	3	31	-0.169533873	-0.106820402	4.4
162	-7.8891	-9.9263	-5.7062	-8.0857	1	-0.292	10.36	-0.18	1.5151067	-0.072	44	1	1	0	0	-0.192407186	-0.145458342	0.8
163	-7.3948	-9.6002	-5.5684	-8.2887	1	-0.081	36.6	0.032	1.5424645	-0.063	76	1	1	0	0	-0.19028638	-0.139496927	9.9
167	-8.0741	-9.5717	-6.5272	-7.0945	1	-0.289	8.93	-0.289	1.5511964	0.048	44	7	53	5	45	-0.183551111	-0.138621519	7.6
168	-8.0093	-9.6144	-6.4401	-7.0785	1	-0.289	8.93	-0.281	1.5445551	0.048	44	7	53	6	52	-0.185543203	-0.138756267	7.9
169	-7.9478	-9.6029	-6.4477	-7.0727	1	-0.249	8.93	-0.212	1.5406551	0.026	44	7	45	6	44	-0.191735946	-0.141753117	8.9
170	-8.1759	-9.802	-6.9254	-7.9565	1	-0.184	8.93	-0.08	1.5634557	-0.064	76	4	32	3	31	-0.174899466	-0.136931799	10
171	-8.1582	-9.9253	-6.9102	-8.1691	1	-0.185	8.93	-0.1	1.560256	-0.02	76	4	32	3	31	-0.187434833	-0.150350787	10.9
172	-8.1786	-9.7876	-6.8016	-7.7846	1	-0.179	8.93	-0.079	1.5568437	-0.05	76	4	32	3	31	-0.174864878	-0.135311126	11.8
173	-8.188	-9.9323	-6.8233	-8.0027	1	-0.177	8.93	-0.1	1.5590006	-0.011	76	4	32	3	31	-0.180864125	-0.14319589	9.9
174	-8.1627	-9.7557	-6.7226	-7.675	1	-0.178	8.93	-0.074	1.5491843	-0.062	76	4	32	3	31	-0.175959471	-0.137104751	13.4
175	-8.289	-9.9028	-6.8377	-8.0013	1	-0.179	8.93	-0.076	1.5530518	-0.07	76	4	32	3	31	-0.181273269	-0.14674272	13.4
176	-7.8537	-9.498	-6.5565	-7.5012	1	-0.15	8.93	-0.098	1.5562084	-0.029	76	7	53	5	45	-0.174564714	-0.131690979	8.8
177	-8.6588	-10.3693	-6.8428	-8.4576	1	-0.269	10.36	-0.192	1.5182878	-0.027	44	4	48	4	38	-0.182008717	-0.139541902	2.1
178	-8.5935	-9.9311	-6.7848	-7.7677	1	-0.275	8.93	-0.276	1.51517	0.016	44	7	79	5	61	-0.164117631	-0.135833624	6
179	-8.3847	-10.0357	-6.5595	-8.1734	1	-0.277	10.36	-0.201	1.52109	-0.051	44	4	48	4	38	-0.196353431	-0.156940702	7.1
180	-8.5858	-9.8214	-6.2052	-7.8117	1	-0.337	78.4	-0.274	1.5377887	-0.01	44	5	38	3	31	-0.182402561	-0.131274155	-1.1
181	-8.3094	-9.6645	-6.0125	-7.6111	1	-0.347	78.4	-0.288	1.5416954	-0.047	44	4	32	3	31	-0.193559479	-0.145790745	0.5
182	-8.5856	-9.7999	-6.2063	-7.6427	1	-0.337	78.4	-0.256	1.5384706	-0.061	44	6	44	3	31	-0.187733223	-0.138073743	0.3
183	-8.3031	-9.6586	-6.0259	-7.4092	1	-0.35	78.4	-0.262	1.5447903	-0.094	44	4	32	3	31	-0.202461813	-0.155490953	4.7
184	-8.2585	-10.3027	-6.8376	-8.1292	1	-0.267	7.52	-0.252	1.5292442	-0.021	44	5	38	3	31	-0.192490901	-0.152039614	6
185	-9.5884	-10.8052	-7.4874	-8.8862	1	-0.272	36.6	-0.252	1.6829438	0.042	44	6	26	5	68	-0.177054888	-0.125868434	6.5
186	-8.1378	-10.1448	-6.5128	-7.7755	1	-0.292	7.52	-0.245	1.5160557	-0.067	44	6	44	3	31	-0.200801253	-0.155486105	8
187	-8.282	-9.8914	-6.9071	-8.0573	1	-0.181	10.36	-0.078	1.5527566	-0.06	76	4	32	3	31	-0.17640368	-0.140305213	11.6
188	-8.3701	-9.8903	-6.8094	-7.8784	1	-0.267	8.93	-0.231	1.5108918	-0.036	44	5	49	3	31	-0.174106656	-0.151568808	6.9
189	-8.3553	-9.9823	-6.7727	-7.962	1	-0.253	8.93	-0.24	1.5234709	-0.018	44	5	49	3	31	-0.172331036	-0.146399227	8.4
190	-8.0611	-10.133	-6.3986	-7.7457	1	-0.279	7.52	-0.236	1.5189527	-0.02	44	4	32	3	31	-0.196499661	-0.148607952	8.7
191	-8.1329	-10.2409	-6.6454	-7.9718	1	-0.276	7.52	-0.256	1.5259703	-0.016	44	5	38	3	31	-0.199335603	-0.156186705	7.2
192	-8.4242	-10.2531	-6.8599	-8.089	1	-0.316	10.36	-0.266	1.529712	-0.038	44	6	44	3	31	-0.193241052	-0.156186574	6.3
193	-8.4324	-10.125	-6.7661	-7.7573	1	-0.315	10.36	-0.252	1.5220777	-0.046	44	5	38	3	31	-0.184193218	-0.144915205	6.4
194	-8.0978	-10.0857	-6.5066	-7.6308	1	-0.279	7.52	-0.227	1.5185334	-0.041	44	6	44	3	31	-0.19328205	-0.144920499	7.4
195	-8.1931	-9.8407	-6.7234	-7.8532	1	-0.191	10.36	-0.085	1.5529973	-0.053	76	4	32	3	31	-0.18654354	-0.147817429	12.1
196	-7.7854	-9.824	-6.3099	-7.3301	1	-0.311	7.52	-0.196	1.5216646	-0.088	44	6	44	3	31	-0.215893058	-0.167417178	10.4
197	-7.8766	-9.8633	-6.4361	-7.5576	1	-0.311	7.52	-0.207	1.5098049	-0.097	44	5	38	3	31	-0.210005198	-0.165556543	11.1
198	-7.814	-9.8689	-6.2641	-7.4295	1	-0.307	7.52	-0.209	1.5180406	-0.079	44	5	38	3	31	-0.209831347	-0.163769057	12.2
199	-7.7076	-9.8345	-6.1117	-7.2379	1	-0.308	7.52	-0.211	1.5231485	-0.045	44	5	38	3	31	-0.214436707	-0.166496994	14.3
200	-7.5867	-9.7576	-5.1992	-6.8152	1	-0.312	7.52	-0.201	1.5220016	-0.029	44	4	32	3	31	-0.219031898	-0.166935673	16.3
201	-8.37	-10.167	-6.6819	-7.8044	1	-0.311	8.93	-0.269	1.5272285	-0.026	44	4	32	3	31	-0.191465384	-0.159826965	8.1
202	-8.3445	-10.0288	-6.6499	-7.5991	1	-0.321	8.93	-0.255	1.5252476	-0.043	44	5	38	3	31	-0.186520728	-0.153069885	8.5
203	-7.9764	-10.0586	-6.3554	-7.5688	1	-0.277	7.52	-0.247	1.5251567	-0.001	44	6	44	3	31	-0.202146169	-0.159826379	8.6
204	-7.9317	-9.9008	-6.3104	-7.379	1	-0.288	7.52	-0.238	1.5206325	-0.041	44	6	44	3	31	-0.197592	-0.153068788	9